&gen
basis=6-31G**
dftname=B3LYP
&
&zmat
Fe1     0.8339310000000   0.5727590000000   0.0174980000000
C2      2.3255800000000   0.6329910000000   1.1786310000000
C3      2.2542020000000   1.7645820000000   0.3942000000000
C4      2.2675470000000   1.3680140000000  -0.9258250000000
C5      2.3473700000000  -0.0076660000000  -0.9583120000000
C6      2.3831370000000  -0.4621190000000   0.3428860000000
H7      2.2941620000000   2.7855060000000   0.7499810000000
H8      2.3162960000000   1.9646910000000  -1.7043130000000
H9      2.4729190000000  -0.6147510000000  -1.8449640000000
H10     2.5415100000000  -1.4867350000000   0.6515690000000
H11     2.4310720000000   0.6144000000000   2.2550730000000
X12     2.2057510000000   0.6527030000000   0.0072150000000
C13    -0.6577410000000   0.5129330000000  -1.1436250000000
C14    -0.7157520000000   1.6081270000000  -0.3080930000000
C15    -0.6795940000000   1.1527490000000   0.9923810000000
C16    -0.5995450000000  -0.2229600000000   0.9617300000000
C17    -0.5859220000000  -0.6185320000000  -0.3589750000000
H18    -0.8745710000000   2.6327520000000  -0.6169340000000
H19    -0.7950190000000   1.7035530000000   1.7972020000000
H20    -0.6516190000000  -0.8803930000000   1.8193630000000
H21    -0.6254400000000  -1.6394020000000  -0.7145970000000
H22    -0.7632310000000   0.5314880000000  -2.2200680000000
X23    -0.5378890000000   0.4928100000000   0.0277820000000
&
